42
Attack1 7
Attack2 7
Attack3 11
AirAttack 7
LandAttack 7
Leaf1 7
Leaf2 7
Leaf3 9
AirLeaf 6
Bow 6
AirBow 6
CrouchBow 6
Run 10
Brake 7
Turn 3
Crouch 4
Rise 2
Death 24
Defensive 3
EndingDeath 35
EndingDeath2 28
Jump  3
Fall 5
ToPraying  6
Praying 4
FromPraying 9
HeadBob 4
HeadBobBack 4
Hurt 1
Idle 6
Look 14
Item 11
LadderUp 6
LadderDown 3
LadderEnter 6
LadderLeave 6
Roll 8
MiscEffect 3
Shine 1
Icon 1
ArrowS 1
ArrowL 1
10  87  25  36
58  87  26  36
109 87 26 36
163 87 27 36
212 87 27 36
261 87 27 36
310 87 27 36
12 149   21  37
61 149 22 37
113 151 26 35
158 152 29 34
209 152 26 34
258 152 25 34
306 152 25 34
6 213 31 36
51 213 34 36
99 213 35 36
148 212 35 37
207 212 30 37
263 221 23 28
303 220 29 29
351 220 30 29
400 220 30 29
455 220 23 29
506 214 19 35
14 274 18 36
62 274 18 36
115 281 23 29
164 282 23 30
213 283 23 29
262 283 23 29
311 283 23 29
14 339 18 36
62 339 18 36
115 346 23 29
165 347 22 28
214 348 22 27
263 348 22 27
312 348 22 27
1 390 96 48
98 390 96 48
195 390 96 48
305 404 58 30
429 404 31 29
511 404 44 29
625 404 27 19
1 453 96 48
98 453 96 48
195 453 96 48
306 463 56 38
408 463 51 38
514 463 40 38
598 463 53 36
1 516 96 48
98 516 96 48
195 516 96 48
292 516 96 48
399 527 16 21
504 521 56 43
594 522 66 42
691 524 66 40
798 551 53 13
1 579 96 56
98 579 96 56
225 581 38 48
322 586 39 43
418 591 41 38
529 624 15 5
13 653 27 45
62 653 27 45
111 653 27 45
160 653 27 45
209 654 27 44
258 655 27 43
13 716 27 45
62 716 27 45
111 716 27 45
160 716 27 45
209 717 27 44
258 718 27 43
15 791 27 34
64 791 27 34
113 791 27 34
162 791 27 34
211 792 27 34
260 793 27 35
16 854 28 37
66 854 28 37
110 854 28 35
161 854 28 37
213 855 28 36
261 856 28 35
306 854 28 35
357 854 28 37
408 855 28 36
457 856 28 35
12 915 20 39
60 916 20 38
110 917 20 37
160 918 22 36
207 918 22 36
258 920 20 34
309 919 19 35
19 979 22 38
64 981 22 36
112 981 23 36
17 1052 18 28
66 1055 18 25
115 1056 19 24
164 1056 19 24
15 1112 20 31
65 1108 19 35
16 1169 19 33
63 1164 25 38
111 1164 24 38
161 1164 24 38
218 1171 19 31	
269 1173 18 29
319 1174 18 28
368 1176 19 26
418 1174 19 28
468 1173 19 29
518 1173 19 29
568 1173 19 29
618 1173 19 29
669 1171 18 31
718 1170 19 32
768 1170 19 32
817 1175 20 27
867 1180 21 22
914 1188 24 14
11 1232 26 15
63 1234 28 13
113 1235 29 12
163 1235 29 12
213 1235 29 12
14 1274 19 36
63 1274 19 36
112 1275 19 35
32 1372 19 33
107 1367 24 38
188 1367 24 38
268 1369 24 36
354 1374 19 31
434 1378 21 27
515 1378 21 27
596 1377 22 28
677 1384 29 21
759 1386 29 19
839 1385 30 20
920 1385 30 20
29 1466 30 20
110 1466 30 20
191 1466 30 20
272 1466 30 20
353 1466 30 20
434 1466 30 20
515 1466 30 20
596 1466 30 20
677 1466 30 20
758 1466 30 20
839 1466 30 20
920 1466 30 20
29 1547 30 20
110 1547 30 20
191 1547 30 20
272 1547 30 20
353 1547 30 20
434 1547 30 20
515 1546 30 21
596 1545 29 22
678 1551 34 16
758 1554 37 13
839 1554 38 13
18 1601 17 29
67 1601 17 29
116 1601 17 29
165 1601 18 29
217 1601 17 29
263 1601 17 29
312 1601 17 29
344 1582 48 48
393 1582 48 48
442 1582 48 48
491 1582 48 48
540 1582 48 48
589 1582 48 48
638 1582 48 48
687 1582 48 48
736 1582 48 48
785 1582 48 48
834 1582 48 48
883 1582 48 48
1 1631 48 48
50 1631 48 48
99 1631 48 48
148 1631 48 48
197 1631 48 48
246 1631 48 48
295 1631 48 48
344 1631 48 48
393 1631 48 48
12 1704 23 37
61 1704 23 37
110 1704 23 37
12 1766 24 39
61 1765 25 39
112 1765 24 40
161 1765 24 40
210 1765 24 40
1 1820 48 48
50 1820 48 48
99 1820 48 48
148 1820 48 48
197 1820 48 48
246 1820 48 48
1 1883 48 48
50 1883 48 48
99 1883 48 48
148 1883 48 48
1 1946 48 48
50 1946 48 48
99 1946 48 48
148 1946 48 48
197 1946 48 48
246 1946 48 48
295 1946 48 48
344 1946 48 48
393 1946 48 48
15 2020 20 37
64 2020 20 37
112 2020 21 37
161 2020 21 37
14 2083 21 37
63 2083 21 37
113 2083 20 37
162 2083 20 37
10 2145 24 38
16 2209 23 37
65 2209 23 37
113 2209 23 37
161 2209 23 37
210 2209 23 37
260 2209 23 37
16 2272 19 37
65 2272 18 37
114 2272 18 37
163 2272 19 37
211 2272 20 37
260 2273 20 36
308 2273 20 36
356 2274 21 35
404 2274 22 35
453 2274 22 35
502 2274 22 35
553 2273 20 36
603 2273 20 36
652 2272 20 37
1 2548 48 48
50 2548 48 48
99 2548 48 48
148 2548 48 48
197 2548 48 48
246 2548 48 48
295 2548 48 48
344 2548 48 48
393 2548 48 48
442 2548 48 48
491 2548 48 48
9 2808 17 37
43 2808 16 38
77 2808 16 33
111 2808 17 37
146 2808 16 38
180 2808 16 33
8 2867 21 37
43 2867 21 37
78 2867 21 37
22 2921 22 24
87 2921 23 22
152 2921 25 30
219 2921 21 31
284 2921 19 37
349 2921 19 37
17 3042 18 38
67 3035 17 32
116 3030 19 27
165 3025 18 28
211 3014 20 33
261 3010 19 35
15 3556 23 28
60 3555 32 23
111 3558 24 26
160 3556 25 28
206 3565 30 19
258 3555 23 29
307 3552 20 32
358 3550 20 34
3 3790 4 4
13 3790 2 4
20 3789 6 6
28 3788 32 80
66 3793 15 14
92 3802 22 3
136 3816 34 8