42
Attack1 7
10  87  25  35
58  87  26  35
109 87 26 35
163 87 27 35
212 87 27 35
261 87 27 35
310 87 27 35
Attack2 7
12 149   21  36
61 149 22 36
113 151 26 34
158 152 29 33
209 152 26 33
258 152 25 33
306 152 25 33
Attack3 11
8 213 31 35
53 213 34 35
101 213 35 35
150 212 35 36
209 212 30 36
265 221 23 27
305 220 29 28
353 220 30 28
402 220 30 28
457 220 23 28
508 214 19 34
AirAttack 7
14 274 18 35
62 274 18 35
115 281 23 28
164 282 23 29
213 283 23 28
262 283 23 28
311 283 23 28
LandAttack 7
14 339 18 36
62 339 18 36
115 346 23 29
165 347 22 28
214 348 22 27
263 348 22 27
312 348 22 27
Leaf1 7
11 415 48 24
110 415 48 24
210 415 48 24
305 404 58 30
429 404 31 29
511 404 44 29
625 404 27 19
Leaf2 7
11 468 48 23
98 468 48 23
195 468 48 23
306 463 56 37
408 463 51 37
514 463 40 37
598 463 53 35
Leaf3 9
2 516 95 47
99 516 95 47
195 516 96 48
292 516 96 48
399 527 16 21
504 521 56 42
594 522 66 41
691 524 66 39
798 551 53 12
AirLeaf 6
25 592 10 20
119 592 20 20
225 581 38 48
322 586 39 43
418 591 41 38
529 624 15 5
Bow 6
13 653 27 45
62 653 27 45
111 653 27 45
160 653 27 45
209 654 27 44
258 655 27 43
AirBow 6
13 716 27 44
62 716 27 44
111 716 27 44
160 716 27 44
209 717 27 43
258 718 27 42
CrouchBow 6
15 791 27 34
64 791 27 34
113 791 27 34
162 791 27 34
211 792 27 34
260 793 27 35
Run 10
16 854 28 36
66 854 28 36
110 854 28 34
161 854 28 36
213 855 28 35
261 856 28 34
306 854 28 34
357 854 28 36
408 855 28 35
457 856 28 34
Brake 7
12 915 20 38
60 916 20 37
110 917 20 36
160 918 22 35
207 918 22 35
258 920 20 33
309 919 19 34
Turn 3
19 979 22 37
64 981 22 35
112 981 23 35
Crouch 4
17 1052 18 28
66 1055 18 25
115 1056 19 24
164 1056 19 24
Rise 2
15 1112 20 30
65 1108 19 34
Death 24
16 1169 19 33
63 1164 25 38
111 1164 24 38
161 1164 24 38
218 1171 19 31	
269 1173 18 29
319 1174 18 28
368 1176 19 26
418 1174 19 28
468 1173 19 29
518 1173 19 29
568 1173 19 29
618 1173 19 29
669 1171 18 31
718 1170 19 32
768 1170 19 32
817 1175 20 27
867 1180 21 22
914 1188 24 14
11 1232 26 15
63 1234 28 13
113 1235 29 12
163 1235 29 12
213 1235 29 12
Defensive 3
14 1274 19 36
63 1274 19 36
112 1275 19 35
EndingDeath 35
32 1372 19 33
107 1367 24 38
188 1367 24 38
268 1369 24 36
354 1374 19 31
434 1378 21 27
515 1378 21 27
596 1377 22 28
677 1384 29 21
759 1386 29 19
839 1385 30 20
920 1385 30 20
29 1466 30 20
110 1466 30 20
191 1466 30 20
272 1466 30 20
353 1466 30 20
434 1466 30 20
515 1466 30 20
596 1466 30 20
677 1466 30 20
758 1466 30 20
839 1466 30 20
920 1466 30 20
29 1547 30 20
110 1547 30 20
191 1547 30 20
272 1547 30 20
353 1547 30 20
434 1547 30 20
515 1546 30 21
596 1545 29 22
678 1551 34 16
758 1554 37 13
839 1554 38 13
EndingDeath2 28
18 1601 17 29
67 1601 17 29
116 1601 17 29
165 1601 18 29
217 1601 17 29
263 1601 17 29
312 1601 17 29
344 1582 48 48
393 1582 48 48
442 1582 48 48
491 1582 48 48
540 1582 48 48
589 1582 48 48
638 1582 48 48
687 1582 48 48
736 1582 48 48
785 1582 48 48
834 1582 48 48
883 1582 48 48
1 1631 48 48
50 1631 48 48
99 1631 48 48
148 1631 48 48
197 1631 48 48
246 1631 48 48
295 1631 48 48
344 1631 48 48
393 1631 48 48
Jump  3
12 1704 23 37
61 1704 23 37
110 1704 23 37
Fall 5
12 1766 24 38
61 1765 25 38
112 1765 24 39
161 1765 24 39
210 1765 24 39
ToPraying  6
1 1820 48 48
50 1820 48 48
99 1820 48 48
148 1820 48 48
197 1820 48 48
246 1820 48 48
Praying 4
1 1883 48 48
50 1883 48 48
99 1883 48 48
148 1883 48 48
FromPraying 9
1 1946 48 48
50 1946 48 48
99 1946 48 48
148 1946 48 48
197 1946 48 48
246 1946 48 48
295 1946 48 48
344 1946 48 48
393 1946 48 48
HeadBob 4
15 2020 20 37
64 2020 20 37
112 2020 21 37
161 2020 21 37
HeadBobBack 4
14 2083 21 37
63 2083 21 37
113 2083 20 37
162 2083 20 37
Hurt 1
10 2145 24 38
Idle 6
16 2209 19 36
65 2209 18 36
113 2209 21 36
161 2209 23 36
210 2209 22 36
260 2209 20 36
Look 14
16 2272 19 37
65 2272 18 37
114 2272 18 37
163 2272 19 37
211 2272 20 37
260 2273 20 36
308 2273 20 36
356 2274 21 35
404 2274 22 35
453 2274 22 35
502 2274 22 35
553 2273 20 36
603 2273 20 36
652 2272 20 37
Item 11
1 2548 48 48
50 2548 48 48
99 2548 48 48
148 2548 48 48
197 2548 48 48
246 2548 48 48
295 2548 48 48
344 2548 48 48
393 2548 48 48
442 2548 48 48
491 2548 48 48
LadderUp 6
9 2808 17 37
43 2808 16 38
77 2808 16 33
111 2808 17 37
146 2808 16 38
180 2808 16 33
LadderDown 3
8 2867 21 37
43 2867 21 37
78 2867 21 37
LadderEnter 6
22 2921 22 24
87 2921 23 22
152 2921 25 30
219 2921 21 31
284 2921 19 37
349 2921 19 37
LadderLeave 6
17 3042 18 38
67 3035 17 32
116 3030 19 27
165 3025 18 28
211 3014 20 33
261 3010 19 35
Roll 8
15 3556 23 27
60 3555 32 22
111 3558 24 25
160 3556 25 27
206 3565 30 18
258 3555 23 28
307 3552 20 31
358 3550 20 33
MiscEffect 3
3 3790 4 4
13 3790 2 4
20 3789 6 6
Shine 1
28 3788 32 80
Icon 1
66 3793 15 14
ArrowS 1
92 3802 22 3
ArrowL 1
136 3816 34 8
