LobbyScene

GameScene1
BackGround
220 0 920 240
Terrain
0 192 545 240
545 175 628 240
579 144 628 175
628 192 740 240
Player
100 450

GameScene2
BackGround
920 0 1587 240
Terrain
0 192 264 240
232 128 264 192
456 112 536 144
441 144 536 160
424 160 536 192
296 192 536 240
328 96 362 111
328 111 376 144
536 208 671 240
615 0 700 160
Player
100 475
Down
200 144 231 151
264 128 328 135
376 112 456 119
536 112 615 119
Ladder
536 100 551 208

GameScene3
BackGround
1587 0 1947 240
Terrain
0 0 360 95
0 95 46 160
301 95 360 159
0 207 360 239
141 191 207 207
Player
100 500

GameScene4
BackGround
1947 0 2642 240
Terrain
0 208 452 240
149 176 343 208
452 192 695 240
0 0 6 163
6 0 22 34
Down
343 176 373 182
Player
100 500
Enemy
500 480 554 100 1173 573 FSM